d_val	e_val	j_val	BGB_DEC_init_LnL	BD_LnL	classe_DEC_ML	classe_DEC_ML_minus_BD
d_0_e_0_j_0	0	0	0	-1.79175943942573	-3.2163953243245	-10.383433140262	-1.7917594755042
d_0_e_0_j_0.01	0	0	0.01	-1.71992519766901	-3.2163953243245	-10.2919267134239	-1.81182374934214
d_0_e_0_j_0.05	0	0	0.05	-1.54472583543523	-3.2163953243245	-10.0440918462457	-1.89315142843351
d_0_e_0_j_0.1	0	0	0.1	-1.46053206347497	-3.2163953243245	-9.88077720385111	-1.99643535464518
d_0_e_0_j_0.3	0	0	0.3	-1.58963538506336	-3.2163953243245	-9.78130892616442	-2.4134106930287
d_0_e_0_j_1	0	0	1	-2.85960009381081	-3.2163953243245	-10.7012737153315	-3.81434814281206
d_0_e_0_j_2.99	0	0	2.99	-14.8318475176054	-3.2163953243245	-22.42407825433	-15.7778371076679
d_0_e_0.01_j_0	0	0.01	0	-1.83778490675773	-3.2163953243245	-10.4258217500651	-1.83368983931285
d_0_e_0.01_j_0.01	0	0.01	0.01	-1.77039939273824	-3.2163953243245	-10.3393028292787	-1.85382853112559
d_0_e_0.01_j_0.05	0	0.01	0.05	-1.60581995589782	-3.2163953243245	-10.1034034898771	-1.93540478602487
d_0_e_0.01_j_0.1	0	0.01	0.1	-1.52800390697049	-3.2163953243245	-9.94729622439539	-2.03890421780482
d_0_e_0.01_j_0.3	0	0.01	0.3	-1.66527070408039	-3.2163953243245	-9.85727280821643	-2.45599143894798
d_0_e_0.01_j_1	0	0.01	1	-2.93734621811215	-3.2163953243245	-10.7815828473366	-3.85150929966551
d_0_e_0.01_j_2.99	0	0.01	2.99	-9.39326040386445	-3.2163953243245	-18.3547920378974	-9.74753324562024
d_0_e_0.05_j_0	0	0.05	0	-2.0483882790132	-3.2163953243245	-10.6256154105874	-2.02510622256421
d_0_e_0.05_j_0.01	0	0.05	0.01	-1.99487200667376	-3.2163953243245	-10.5543852015726	-2.04546487874043
d_0_e_0.05_j_0.05	0	0.05	0.05	-1.86446605331263	-3.2163953243245	-10.3563782627123	-2.12776745507705
d_0_e_0.05_j_0.1	0	0.05	0.1	-1.80793642698848	-3.2163953243245	-10.2241004281699	-2.23187614411916
d_0_e_0.05_j_0.3	0	0.05	0.3	-1.97337837787728	-3.2163953243245	-10.1664788943905	-2.6490314420387
d_0_e_0.05_j_1	0	0.05	1	-3.25329463988477	-3.2163953243245	-11.106287101854	-4.02632132242109
d_0_e_0.05_j_2.99	0	0.05	2.99	-8.24668302376314	-3.2163953243245	-17.2172192934481	-8.49819594617154
d_0_e_0.1_j_0	0	0.1	0	-2.35502980958064	-3.2163953243245	-10.9239724383433	-2.3055101749125
d_0_e_0.1_j_0.01	0	0.1	0.01	-2.3131769106424	-3.2163953243245	-10.8652854606974	-2.32603554406052
d_0_e_0.1_j_0.05	0	0.1	0.05	-2.21283550318141	-3.2163953243245	-10.6999375463527	-2.40887747993718
d_0_e_0.1_j_0.1	0	0.1	0.1	-2.17605715598441	-3.2163953243245	-10.5894314585634	-2.5134114002673
d_0_e_0.1_j_0.3	0	0.1	0.3	-2.3690203989645	-3.2163953243245	-10.5631096590443	-2.93027567262764
d_0_e_0.1_j_1	0	0.1	1	-3.65764253857634	-3.2163953243245	-11.5188691366074	-4.29098062788842
d_0_e_0.1_j_2.99	0	0.1	2.99	-8.1284245289298	-3.2163953243245	-17.0999137152189	-8.27953256712636
d_0_e_0.3_j_0	0	0.3	0	-3.82484153852207	-3.2163953243245	-12.3821423892265	-3.68412263204422
d_0_e_0.3_j_0.01	0	0.3	0.01	-3.80475120057082	-3.2163953243245	-12.3459629639093	-3.70489778055137
d_0_e_0.3_j_0.05	0	0.3	0.05	-3.76410993906576	-3.2163953243245	-12.243177617432	-3.78853260538145
d_0_e_0.3_j_0.1	0	0.3	0.1	-3.7697351669229	-3.2163953243245	-12.1779438721442	-3.89365341008781
d_0_e_0.3_j_0.3	0	0.3	0.3	-4.02710263195181	-3.2163953243245	-12.222695350046	-4.30961423905117
d_0_e_0.3_j_1	0	0.3	1	-5.34304023400479	-3.2163953243245	-13.2196051197441	-5.64250633054775
d_0_e_0.3_j_2.99	0	0.3	2.99	-9.32588630251076	-3.2163953243245	-18.2972213599362	-9.24065087351114
d_0_e_1_j_0	0	1	0	-9.80636856445325	-3.2163953243245	-18.3661721223761	-9.53385289652199
d_0_e_1_j_0.01	0	1	0.01	-9.8022600828221	-3.2163953243245	-18.3450391686566	-9.55472523921948
d_0_e_1_j_0.05	0	1	0.05	-9.80894379242813	-3.2163953243245	-18.2873221480171	-9.63879409012529
d_0_e_1_j_0.1	0	1	0.1	-9.85183429707127	-3.2163953243245	-18.2581025910048	-9.74454779326493
d_0_e_1_j_0.3	0	1	0.3	-10.1747072813555	-3.2163953243245	-18.3670147344521	-10.163847788281
d_0_e_1_j_1	0	1	1	-11.5460552413543	-3.2163953243245	-19.4147932021908	-11.5187789432869
d_0_e_1_j_2.99	0	1	2.99	-16.1295521933378	-3.2163953243245	-25.0957066540888	-15.8378428021714
d_0_e_3_j_0	0	3	0	-27.7044162687343	-3.2163953243245	-36.2754213163195	-27.3914885107287
d_0_e_3_j_0.01	0	3	0.01	-27.705026938225	-3.2163953243245	-36.257643442879	-27.4121653608028
d_0_e_3_j_0.05	0	3	0.05	-27.7264584875163	-3.2163953243245	-36.2104558809537	-27.4957177530775
d_0_e_3_j_0.1	0	3	0.1	-27.7819803137343	-3.2163953243245	-36.1902726524054	-27.6013468946971
d_0_e_3_j_0.3	0	3	0.3	-28.1312077943934	-3.2163953243245	-36.3176429951652	-28.0243865328049
d_0_e_3_j_1	0	3	1	-29.5472034958147	-3.2163953243245	-37.3909986501299	-29.427599017388
d_0_e_3_j_2.99	0	3	2.99	-37.6469951921172	-3.2163953243245	-46.5107299844976	-37.2817824685524
d_0_e_5_j_0	0	5	0	-45.6946473625572	-3.2163953243245	-54.2686438540672	-45.3827960775794
d_0_e_5_j_0.01	0	5	0.01	-45.6957225202384	-3.2163953243245	-54.2509061331097	-45.4033175357677
d_0_e_5_j_0.05	0	5	0.05	-45.7186307590266	-3.2163953243245	-54.2038744888463	-45.486325089611
d_0_e_5_j_0.1	0	5	0.1	-45.7754538140249	-3.2163953243245	-54.1838734938166	-45.5914204912161
d_0_e_5_j_0.3	0	5	0.3	-46.1275676383982	-3.2163953243245	-54.3118990265322	-46.0135064787398
d_0_e_5_j_1	0	5	1	-47.5491444755902	-3.2163953243245	-55.3875452589172	-47.4212420776087
d_0_e_5_j_2.99	0	5	2.99	-58.728970611722	-3.2163953243245	-66.8008723031599	-58.286896093666
d_0.01_e_0_j_0	0.01	0	0	-1.88175947841583	-3.2163953243245	-10.4734331409392	-1.88175947618136
d_0.01_e_0_j_0.01	0.01	0	0.01	-1.80992520548138	-3.2163953243245	-10.3819267140603	-1.9018237499786
d_0.01_e_0_j_0.05	0.01	0	0.05	-1.63472585573704	-3.2163953243245	-10.1340918467658	-1.98315142895356
d_0.01_e_0_j_0.1	0.01	0	0.1	-1.5505321544078	-3.2163953243245	-9.97077720428049	-2.08643535507456
d_0.01_e_0_j_0.3	0.01	0	0.3	-1.67963515627169	-3.2163953243245	-9.87130892679378	-2.50341069365807
d_0.01_e_0_j_1	0.01	0	1	-2.94960004699731	-3.2163953243245	-10.7912737158354	-3.90434814331597
d_0.01_e_0_j_2.99	0.01	0	2.99	-14.9218474679005	-3.2163953243245	-22.5140782546095	-15.8678371079474
d_0.01_e_0.01_j_0	0.01	0.01	0	-1.92303347877566	-3.2163953243245	-10.5074817453101	-1.92147147197927
d_0.01_e_0.01_j_0.01	0.01	0.01	0.01	-1.85606094677184	-3.2163953243245	-10.4218142410201	-1.94160886841332
d_0.01_e_0.01_j_0.05	0.01	0.01	0.05	-1.69246619969928	-3.2163953243245	-10.1879687313671	-2.02317757176951
d_0.01_e_0.01_j_0.1	0.01	0.01	0.1	-1.61523084706274	-3.2163953243245	-10.0331091079154	-2.12666275620963
d_0.01_e_0.01_j_0.3	0.01	0.01	0.3	-1.75314395008871	-3.2163953243245	-9.94469885308666	-2.54364925843044
d_0.01_e_0.01_j_1	0.01	0.01	1	-3.02441943892792	-3.2163953243245	-10.869464693947	-3.93826255564507
d_0.01_e_0.01_j_2.99	0.01	0.01	2.99	-8.96700894524554	-3.2163953243245	-17.9339729480503	-9.62655904234142
d_0.01_e_0.05_j_0	0.01	0.05	0	-2.11815553872909	-3.2163953243245	-10.6811706817703	-2.1052356528025
d_0.01_e_0.05_j_0.01	0.01	0.05	0.01	-2.0661290869452	-3.2163953243245	-10.6129390801723	-2.12558394409215
d_0.01_e_0.05_j_0.05	0.01	0.05	0.05	-1.93944985995607	-3.2163953243245	-10.4225872112684	-2.207835713475
d_0.01_e_0.05_j_0.1	0.01	0.05	0.1	-1.88523762752589	-3.2163953243245	-10.2952745465242	-2.31186171872893
d_0.01_e_0.05_j_0.3	0.01	0.05	0.3	-2.05333038775716	-3.2163953243245	-10.2444515126389	-2.72850706922279
d_0.01_e_0.05_j_1	0.01	0.05	1	-3.32925526291101	-3.2163953243245	-11.1861268907674	-4.10166432766355
d_0.01_e_0.05_j_2.99	0.01	0.05	2.99	-7.7673294984658	-3.2163953243245	-16.73984507574	-8.34923027506602
d_0.01_e_0.1_j_0	0.01	0.1	0	-2.41049698332621	-3.2163953243245	-10.9568180902274	-2.37797719284614
d_0.01_e_0.1_j_0.01	0.01	0.1	0.01	-2.37079937413576	-3.2163953243245	-10.9023998927529	-2.39847715831385
d_0.01_e_0.1_j_0.05	0.01	0.1	0.05	-2.27607342807323	-3.2163953243245	-10.7484768684762	-2.4812025985299
d_0.01_e_0.1_j_0.1	0.01	0.1	0.1	-2.24295049785426	-3.2163953243245	-10.6458136526285	-2.58556005668436
d_0.01_e_0.1_j_0.3	0.01	0.1	0.3	-2.44017400850958	-3.2163953243245	-10.6308117980456	-3.00142291498185
d_0.01_e_0.1_j_1	0.01	0.1	1	-3.72088968618943	-3.2163953243245	-11.5895155864105	-4.35462387553827
d_0.01_e_0.1_j_2.99	0.01	0.1	2.99	-7.58370680493329	-3.2163953243245	-16.5569121855212	-8.09589435440148
d_0.01_e_0.3_j_0	0.01	0.3	0	-3.8458587500924	-3.2163953243245	-12.3650905493077	-3.73586963638053
d_0.01_e_0.3_j_0.01	0.01	0.3	0.01	-3.82862191272462	-3.2163953243245	-12.3344956700797	-3.7565610798727
d_0.01_e_0.3_j_0.05	0.01	0.3	0.05	-3.79599090383054	-3.2163953243245	-12.2480075918108	-3.83983510066345
d_0.01_e_0.3_j_0.1	0.01	0.3	0.1	-3.80728696547218	-3.2163953243245	-12.1952506576217	-3.94444979780913
d_0.01_e_0.3_j_0.3	0.01	0.3	0.3	-4.07121695818018	-3.2163953243245	-12.2600819417142	-4.35782851756812
d_0.01_e_0.3_j_1	0.01	0.3	1	-5.36513539498257	-3.2163953243245	-13.2606263481307	-5.67357679009792
d_0.01_e_0.3_j_2.99	0.01	0.3	2.99	-8.51231662532664	-3.2163953243245	-17.4859776081347	-8.9082065052201
d_0.01_e_1_j_0	0.01	1	0	-9.77633009105841	-3.2163953243245	-18.2827116259189	-9.54981642327204
d_0.01_e_1_j_0.01	0.01	1	0.01	-9.77531111227781	-3.2163953243245	-18.2677889847467	-9.57049320036506
d_0.01_e_1_j_0.05	0.01	1	0.05	-9.79108640838479	-3.2163953243245	-18.229293293139	-9.65373693584965
d_0.01_e_1_j_0.1	0.01	1	0.1	-9.84070497388352	-3.2163953243245	-18.215976099818	-9.75836608296168
d_0.01_e_1_j_0.3	0.01	1	0.3	-10.1700036711375	-3.2163953243245	-18.3525528033916	-10.1721657625755
d_0.01_e_1_j_1	0.01	1	1	-11.4879399942855	-3.2163953243245	-19.39907047091	-11.4914878102524
d_0.01_e_1_j_2.99	0.01	1	2.99	-14.2167986336972	-3.2163953243245	-23.1909258686319	-14.7390073713108
d_0.01_e_3_j_0	0.01	3	0	-27.6336860055973	-3.2163953243245	-36.1417776375066	-27.3753407013528
d_0.01_e_3_j_0.01	0.01	3	0.01	-27.6376525006852	-3.2163953243245	-36.130836079254	-27.3957203109779
d_0.01_e_3_j_0.05	0.01	3	0.05	-27.6690516864467	-3.2163953243245	-36.1050881050631	-27.4780300352156
d_0.01_e_3_j_0.1	0.01	3	0.1	-27.7319515793311	-3.2163953243245	-36.1029469119004	-27.5819859914669
d_0.01_e_3_j_0.3	0.01	3	0.3	-28.0867473810772	-3.2163953243245	-36.2620102451796	-27.9969602424233
d_0.01_e_3_j_1	0.01	3	1	-29.4201294373172	-3.2163953243245	-37.3273002254832	-29.3464638085549
d_0.01_e_3_j_2.99	0.01	3	2.99	-31.8880182303691	-3.2163953243245	-40.8632329794182	-32.5901766060262
d_0.01_e_5_j_0	0.01	5	0	-45.6119430143074	-3.2163953243245	-54.1205692879885	-45.357369388612
d_0.01_e_5_j_0.01	0.01	5	0.01	-45.6165179460984	-3.2163953243245	-54.1099432390581	-45.3775565263451
d_0.01_e_5_j_0.05	0.01	5	0.05	-45.6498292507851	-3.2163953243245	-54.0852205119534	-45.4591732467872
d_0.01_e_5_j_0.1	0.01	5	0.1	-45.7143475033829	-3.2163953243245	-54.0839955687114	-45.5624114068369
d_0.01_e_5_j_0.3	0.01	5	0.3	-46.0720192349196	-3.2163953243245	-54.2449104091488	-45.9756451804258
d_0.01_e_5_j_1	0.01	5	1	-47.4033467059568	-3.2163953243245	-55.3105631737285	-47.3247603485017
d_0.01_e_5_j_2.99	0.01	5	2.99	-49.7800896351956	-3.2163953243245	-58.7534663593004	-50.4827005445831
d_0.05_e_0_j_0	0.05	0	0	-2.24175937219336	-3.2163953243245	-10.8334331436095	-2.24175947885164
d_0.05_e_0_j_0.01	0.05	0	0.01	-2.16992526546758	-3.2163953243245	-10.7419267168859	-2.26182375280414
d_0.05_e_0_j_0.05	0.05	0	0.05	-1.99472593490967	-3.2163953243245	-10.4940918499227	-2.34315143211046
d_0.05_e_0_j_0.1	0.05	0	0.1	-1.91053213821516	-3.2163953243245	-10.3307772075075	-2.4464353583016
d_0.05_e_0_j_0.3	0.05	0	0.3	-2.03963534137239	-3.2163953243245	-10.2313089296233	-2.86341069648759
d_0.05_e_0_j_1	0.05	0	1	-3.30960011770527	-3.2163953243245	-11.1512737174402	-4.26434814492081
d_0.05_e_0_j_2.99	0.05	0	2.99	-15.2818475082021	-3.2163953243245	-22.8740782561557	-16.2278371094936
d_0.05_e_0.01_j_0	0.05	0.01	0	-2.26319668697147	-3.2163953243245	-10.8329751632658	-2.27218184753921
d_0.05_e_0.01_j_0.01	0.05	0.01	0.01	-2.19793077676795	-3.2163953243245	-10.7507678474547	-2.29231380337777
d_0.05_e_0.01_j_0.05	0.05	0.01	0.05	-2.03841972537726	-3.2163953243245	-10.5253306829436	-2.37385069393326
d_0.05_e_0.01_j_0.1	0.05	0.01	0.1	-1.96360152374563	-3.2163953243245	-10.3756215797192	-2.47727572036156
d_0.05_e_0.01_j_0.3	0.05	0.01	0.3	-2.10420631570367	-3.2163953243245	-10.2939171934409	-2.89383616016911
d_0.05_e_0.01_j_1	0.05	0.01	1	-3.37207339019511	-3.2163953243245	-11.2205676841368	-4.28462234483684
d_0.05_e_0.01_j_2.99	0.05	0.01	2.99	-8.31924861817981	-3.2163953243245	-17.2913803461681	-9.38571788700574
d_0.05_e_0.05_j_0	0.05	0.05	0	-2.39591914404296	-3.2163953243245	-10.9058712657279	-2.42424241435315
d_0.05_e_0.05_j_0.01	0.05	0.05	0.01	-2.34967194089724	-3.2163953243245	-10.8485596122464	-2.44454599882083
d_0.05_e_0.05_j_0.05	0.05	0.05	0.05	-2.23763172174678	-3.2163953243245	-10.6867892850582	-2.52658002840328
d_0.05_e_0.05_j_0.1	0.05	0.05	0.1	-2.19265024675159	-3.2163953243245	-10.5785778719961	-2.63025401911258
d_0.05_e_0.05_j_0.3	0.05	0.05	0.3	-2.37136228200138	-3.2163953243245	-10.5546460365224	-3.04474529335147
d_0.05_e_0.05_j_1	0.05	0.05	1	-3.63049129084791	-3.2163953243245	-11.5036237631764	-4.40068697630082
d_0.05_e_0.05_j_2.99	0.05	0.05	2.99	-7.05025900921552	-3.2163953243245	-16.0245351208732	-8.03932266287986
d_0.05_e_0.1_j_0	0.05	0.1	0	-2.63305588125863	-3.2163953243245	-11.1008210737798	-2.66566481696211
d_0.05_e_0.1_j_0.01	0.05	0.1	0.01	-2.60127630467919	-3.2163953243245	-11.0606573974467	-2.68605532988956
d_0.05_e_0.1_j_0.05	0.05	0.1	0.05	-2.52754542950419	-3.2163953243245	-10.9462233806616	-2.76828198985466
d_0.05_e_0.1_j_0.1	0.05	0.1	0.1	-2.50836688951274	-3.2163953243245	-10.8718620981868	-2.87188960075219
d_0.05_e_0.1_j_0.3	0.05	0.1	0.3	-2.72194193406969	-3.2163953243245	-10.8995061666287	-3.28354364811953
d_0.05_e_0.1_j_1	0.05	0.1	1	-3.96992533186694	-3.2163953243245	-11.8689279456811	-4.60597758068308
d_0.05_e_0.1_j_2.99	0.05	0.1	2.99	-6.78881196850611	-3.2163953243245	-15.7634234673759	-7.70748067630013
d_0.05_e_0.3_j_0	0.05	0.3	0	-3.94112436490555	-3.2163953243245	-12.3451970939209	-3.94015810222534
d_0.05_e_0.3_j_0.01	0.05	0.3	0.01	-3.93320589713177	-3.2163953243245	-12.3304361747149	-3.96049546388314
d_0.05_e_0.3_j_0.05	0.05	0.3	0.05	-3.9272822498047	-3.2163953243245	-12.2921529941967	-4.04225031089234
d_0.05_e_0.3_j_0.1	0.05	0.3	0.1	-3.95792324436886	-3.2163953243245	-12.2784525011107	-4.14474835485435
d_0.05_e_0.3_j_0.3	0.05	0.3	0.3	-4.24372842382896	-3.2163953243245	-12.410244502864	-4.54747525222561
d_0.05_e_0.3_j_1	0.05	0.3	1	-5.45169820215203	-3.2163953243245	-13.4195865473804	-5.79585246826389
d_0.05_e_0.3_j_2.99	0.05	0.3	2.99	-7.46805853817887	-3.2163953243245	-16.4430623492385	-8.24947357472173
d_0.05_e_1_j_0	0.05	1	0	-9.68792559346348	-3.2163953243245	-18.0532284085787	-9.6115251634258
d_0.05_e_1_j_0.01	0.05	1	0.01	-9.69558154481552	-3.2163953243245	-18.053185370596	-9.63138917317108
d_0.05_e_1_j_0.05	0.05	1	0.05	-9.7372553204946	-3.2163953243245	-18.0627390888943	-9.7112196772702
d_0.05_e_1_j_0.1	0.05	1	0.1	-9.80613934029483	-3.2163953243245	-18.0915811576179	-9.81123201154068
d_0.05_e_1_j_0.3	0.05	1	0.3	-10.1498129665545	-3.2163953243245	-18.3063974924662	-10.2028803889974
d_0.05_e_1_j_1	0.05	1	1	-11.2815454642677	-3.2163953243245	-19.3344747963668	-11.391101355053
d_0.05_e_1_j_2.99	0.05	1	2.99	-12.7117079898802	-3.2163953243245	-21.6871476291092	-13.4302244537817
d_0.05_e_3_j_0	0.05	3	0	-27.3966275975128	-3.2163953243245	-35.7495332812224	-27.306740198555
d_0.05_e_3_j_0.01	0.05	3	0.01	-27.4091077826323	-3.2163953243245	-35.753438253414	-27.3258875027084
d_0.05_e_3_j_0.05	0.05	3	0.05	-27.465981202457	-3.2163953243245	-35.7763010113439	-27.4030694229576
d_0.05_e_3_j_0.1	0.05	3	0.1	-27.5474203479279	-3.2163953243245	-35.8175722203075	-27.5001770439234
d_0.05_e_3_j_0.3	0.05	3	0.3	-27.9078583767304	-3.2163953243245	-36.0574406710581	-27.8829094326832
d_0.05_e_3_j_1	0.05	3	1	-28.976134457298	-3.2163953243245	-37.0746885657125	-29.0435863132891
d_0.05_e_3_j_2.99	0.05	3	2.99	-30.1146578602589	-3.2163953243245	-39.0904630827027	-30.8295790738638
d_0.05_e_5_j_0	0.05	5	0	-45.3302522921215	-3.2163953243245	-53.6805429906825	-45.249673021626
d_0.05_e_5_j_0.01	0.05	5	0.01	-45.3434779679863	-3.2163953243245	-53.684962536733	-45.2684740817097
d_0.05_e_5_j_0.05	0.05	5	0.05	-45.4026606997665	-3.2163953243245	-53.7095546836492	-45.3443530345328
d_0.05_e_5_j_0.1	0.05	5	0.1	-45.4858947467141	-3.2163953243245	-53.7524152623234	-45.4399870638833
d_0.05_e_5_j_0.3	0.05	5	0.3	-45.8474516066064	-3.2163953243245	-53.9950259483902	-45.8178426348252
d_0.05_e_5_j_1	0.05	5	1	-46.8944985893846	-3.2163953243245	-55.0045683031844	-46.9629004582916
d_0.05_e_5_j_2.99	0.05	5	2.99	-47.9620186844561	-3.2163953243245	-56.9361674251589	-48.6701420095755
d_0.1_e_0_j_0	0.1	0	0	-2.69175951136983	-3.2163953243245	-11.2834331460234	-2.69175948126555
d_0.1_e_0_j_0.01	0.1	0	0.01	-2.61992520369236	-3.2163953243245	-11.1919267193139	-2.71182375523216
d_0.1_e_0_j_0.05	0.1	0	0.05	-2.44472586165396	-3.2163953243245	-10.944091852519	-2.79315143470682
d_0.1_e_0_j_0.1	0.1	0	0.1	-2.36053215184452	-3.2163953243245	-10.7807772098144	-2.89643536060851
d_0.1_e_0_j_0.3	0.1	0	0.3	-2.48963539049962	-3.2163953243245	-10.6813089342279	-3.31341070109218
d_0.1_e_0_j_1	0.1	0	1	-3.75960011105766	-3.2163953243245	-11.6012737210936	-4.71434814857422
d_0.1_e_0_j_2.99	0.1	0	2.99	-15.7318475266799	-3.2163953243245	-23.3240782592902	-16.6778371126281
d_0.1_e_0.01_j_0	0.1	0.01	0	-2.68642716996371	-3.2163953243245	-11.2371796830827	-2.70956841887622
d_0.1_e_0.01_j_0.01	0.1	0.01	0.01	-2.62342017561911	-3.2163953243245	-11.1594118963043	-2.72969292605108
d_0.1_e_0.01_j_0.05	0.1	0.01	0.05	-2.46934952990139	-3.2163953243245	-10.9449099674954	-2.81118607778647
d_0.1_e_0.01_j_0.1	0.1	0.01	0.1	-2.39777363373157	-3.2163953243245	-10.8020035346017	-2.91452814214428
d_0.1_e_0.01_j_0.3	0.1	0.01	0.3	-2.54199546919127	-3.2163953243245	-10.7292725356563	-3.33049960159869
d_0.1_e_0.01_j_1	0.1	0.01	1	-3.8050936207725	-3.2163953243245	-11.6584202993313	-4.71599799982704
d_0.1_e_0.01_j_2.99	0.1	0.01	2.99	-8.12259351253177	-3.2163953243245	-17.0961912678926	-9.33429169930921
d_0.1_e_0.05_j_0	0.1	0.05	0	-2.74013705707849	-3.2163953243245	-11.1914008848964	-2.81945063268473
d_0.1_e_0.05_j_0.01	0.1	0.05	0.01	-2.70070868658342	-3.2163953243245	-11.1456823458188	-2.83969022299018
d_0.1_e_0.05_j_0.05	0.1	0.05	0.05	-2.60631871093785	-3.2163953243245	-11.0155298588829	-2.92141616788061
d_0.1_e_0.05_j_0.1	0.1	0.05	0.1	-2.57274140052029	-3.2163953243245	-10.9295377175542	-3.024598104331
d_0.1_e_0.05_j_0.3	0.1	0.05	0.3	-2.76469288918842	-3.2163953243245	-10.938436713718	-3.43612241123626
d_0.1_e_0.05_j_1	0.1	0.05	1	-4.00091657254793	-3.2163953243245	-11.8960660290725	-4.76897344694209
d_0.1_e_0.05_j_2.99	0.1	0.05	2.99	-6.80604960720398	-3.2163953243245	-15.7808522790968	-7.92958749186976
d_0.1_e_0.1_j_0	0.1	0.1	0	-2.91223905379437	-3.2163953243245	-11.3027473197168	-3.02023954279524
d_0.1_e_0.1_j_0.01	0.1	0.1	0.01	-2.88896390008132	-3.2163953243245	-11.2757962715076	-3.04047428019331
d_0.1_e_0.1_j_0.05	0.1	0.1	0.05	-2.83844107748407	-3.2163953243245	-11.1999321591803	-3.12199857658183
d_0.1_e_0.1_j_0.1	0.1	0.1	0.1	-2.83518901731667	-3.2163953243245	-11.1551283341553	-3.22456397110413
d_0.1_e_0.1_j_0.3	0.1	0.1	0.3	-3.06753371685344	-3.2163953243245	-11.230535723892	-3.6304819693376
d_0.1_e_0.1_j_1	0.1	0.1	1	-4.27228221711554	-3.2163953243245	-12.2108068282262	-4.91285399991437
d_0.1_e_0.1_j_2.99	0.1	0.1	2.99	-6.49317579203184	-3.2163953243245	-15.4682233894417	-7.53678960817979
d_0.1_e_0.3_j_0	0.1	0.3	0	-4.07884438750143	-3.2163953243245	-12.3908734094875	-4.18939623705826
d_0.1_e_0.3_j_0.01	0.1	0.3	0.01	-4.07915286613231	-3.2163953243245	-12.3877191831151	-4.20924839770605
d_0.1_e_0.3_j_0.05	0.1	0.3	0.05	-4.09748114898175	-3.2163953243245	-12.3867710022357	-4.28893718513401
d_0.1_e_0.3_j_0.1	0.1	0.3	0.1	-4.14617547224024	-3.2163953243245	-12.4056821919849	-4.3885887148656
d_0.1_e_0.3_j_0.3	0.1	0.3	0.3	-4.45064035585527	-3.2163953243245	-12.598372667504	-4.77732602884966
d_0.1_e_0.3_j_1	0.1	0.3	1	-5.55653370280533	-3.2163953243245	-13.6073970189588	-5.94439216048283
d_0.1_e_0.3_j_2.99	0.1	0.3	2.99	-7.02130116666358	-3.2163953243245	-15.9967239964373	-7.9019926284609
d_0.1_e_1_j_0	0.1	1	0	-9.62446290318496	-3.2163953243245	-17.8962176469585	-9.68352687402133
d_0.1_e_1_j_0.01	0.1	1	0.01	-9.63796796636894	-3.2163953243245	-17.904797688026	-9.70231991268156
d_0.1_e_1_j_0.05	0.1	1	0.05	-9.69713746403033	-3.2163953243245	-17.9434878295108	-9.7776867648196
d_0.1_e_1_j_0.1	0.1	1	0.1	-9.77849267083234	-3.2163953243245	-17.9995239040516	-9.8717368319386
d_0.1_e_1_j_0.3	0.1	1	0.3	-10.1219560300137	-3.2163953243245	-18.2673692840239	-10.235699990287
d_0.1_e_1_j_1	0.1	1	1	-11.0685601293594	-3.2163953243245	-19.2528279961839	-11.2822182214134
d_0.1_e_1_j_2.99	0.1	1	2.99	-12.0129249689009	-3.2163953243245	-20.988763475063	-12.7743797670939
d_0.1_e_3_j_0	0.1	3	0	-27.1626809431259	-3.2163953243245	-35.4205412361869	-27.2116446360175
d_0.1_e_3_j_0.01	0.1	3	0.01	-27.1797491959174	-3.2163953243245	-35.4318546641217	-27.229188856064
d_0.1_e_3_j_0.05	0.1	3	0.05	-27.2498456854971	-3.2163953243245	-35.4799293883865	-27.2997530746873
d_0.1_e_3_j_0.1	0.1	3	0.1	-27.3392970605097	-3.2163953243245	-35.5448424431756	-27.3881462837265
d_0.1_e_3_j_0.3	0.1	3	0.3	-27.6830776250488	-3.2163953243245	-35.8283938058441	-27.7314891256437
d_0.1_e_3_j_1	0.1	3	1	-28.5162104798216	-3.2163953243245	-36.7679450204294	-28.7030074063059
d_0.1_e_3_j_2.99	0.1	3	2.99	-29.2227492293548	-3.2163953243245	-38.1988565865114	-29.9473391264745
d_0.1_e_5_j_0	0.1	5	0	-45.0426477941562	-3.2163953243245	-53.2978787361457	-45.1013414578752
d_0.1_e_5_j_0.01	0.1	5	0.01	-45.060238131319	-3.2163953243245	-53.3094897494834	-45.1183447387681
d_0.1_e_5_j_0.05	0.1	5	0.05	-45.131822216758	-3.2163953243245	-53.3585461572889	-45.1868379884166
d_0.1_e_5_j_0.1	0.1	5	0.1	-45.2221004002479	-3.2163953243245	-53.4242859564158	-45.2728122372699
d_0.1_e_5_j_0.3	0.1	5	0.3	-45.5629356920385	-3.2163953243245	-53.7081342541343	-45.6075974739477
d_0.1_e_5_j_1	0.1	5	1	-46.3637880826231	-3.2163953243245	-54.6308571951215	-46.5516060083048
d_0.1_e_5_j_2.99	0.1	5	2.99	-47.0148073087015	-3.2163953243245	-55.9895756138545	-47.7292307540603
d_0.3_e_0_j_0	0.3	0	0	-4.49175957812663	-3.2163953243245	-13.0834331635039	-4.4917594987461
d_0.3_e_0_j_0.01	0.3	0	0.01	-4.41992528145028	-3.2163953243245	-12.9919267365062	-4.51182377242452
d_0.3_e_0_j_0.05	0.3	0	0.05	-4.24472595222319	-3.2163953243245	-12.7440918693372	-4.59315145152496
d_0.3_e_0_j_0.1	0.3	0	0.1	-4.16053217077723	-3.2163953243245	-12.5807772276857	-4.69643537847978
d_0.3_e_0_j_0.3	0.3	0	0.3	-4.28963541735237	-3.2163953243245	-12.4813089489929	-5.1134107158572
d_0.3_e_0_j_1	0.3	0	1	-5.55960015933033	-3.2163953243245	-13.4012737441958	-6.51434817167639
d_0.3_e_0_j_2.99	0.3	0	2.99	-17.5318476048576	-3.2163953243245	-25.1240783264885	-18.4778371798264
d_0.3_e_0.01_j_0	0.3	0.01	0	-4.35386905168496	-3.2163953243245	-12.8219510220048	-4.44556470829723
d_0.3_e_0.01_j_0.01	0.3	0.01	0.01	-4.30131604600463	-3.2163953243245	-12.7628632605958	-4.4656492805935
d_0.3_e_0.01_j_0.05	0.3	0.01	0.05	-4.17296083781226	-3.2163953243245	-12.5962827958527	-4.546908234842
d_0.3_e_0.01_j_0.1	0.3	0.01	0.1	-4.11706665045675	-3.2163953243245	-12.4846508580084	-4.64980649493602
d_0.3_e_0.01_j_0.3	0.3	0.01	0.3	-4.27889816622048	-3.2163953243245	-12.454973012139	-5.06263071459211
d_0.3_e_0.01_j_1	0.3	0.01	1	-5.51592693827685	-3.2163953243245	-13.3957232824556	-6.42014344694635
d_0.3_e_0.01_j_2.99	0.3	0.01	2.99	-8.57907136792518	-3.2163953243245	-17.5540560060834	-9.91279895051918
d_0.3_e_0.05_j_0	0.3	0.05	0	-4.08208855049284	-3.2163953243245	-12.3635343605589	-4.35587897022684
d_0.3_e_0.05_j_0.01	0.3	0.05	0.01	-4.06545508989592	-3.2163953243245	-12.348931393378	-4.37574191194473
d_0.3_e_0.05_j_0.05	0.3	0.05	0.05	-4.03320870271362	-3.2163953243245	-12.3109071591104	-4.45571452616047
d_0.3_e_0.05_j_0.1	0.3	0.05	0.1	-4.04222959960848	-3.2163953243245	-12.2969855639855	-4.55619814539079
d_0.3_e_0.05_j_0.3	0.3	0.05	0.3	-4.28405644765354	-3.2163953243245	-12.4253464882411	-4.95221603446601
d_0.3_e_0.05_j_1	0.3	0.05	1	-5.40705916898302	-3.2163953243245	-13.4085409328294	-6.17483623089658
d_0.3_e_0.05_j_2.99	0.3	0.05	2.99	-7.0840414619448	-3.2163953243245	-16.0595401443917	-8.30303263776512
d_0.3_e_0.1_j_0	0.3	0.1	0	-4.02501659974183	-3.2163953243245	-12.2393326638274	-4.37871032749463
d_0.3_e_0.1_j_0.01	0.3	0.1	0.01	-4.02456855262513	-3.2163953243245	-12.2402654377825	-4.39806953594308
d_0.3_e_0.1_j_0.05	0.3	0.1	0.05	-4.03977777222337	-3.2163953243245	-12.2527593012393	-4.47575009775871
d_0.3_e_0.1_j_0.1	0.3	0.1	0.1	-4.08437278454208	-3.2163953243245	-12.2837015440084	-4.57280477457509
d_0.3_e_0.1_j_0.3	0.3	0.1	0.3	-4.37026893264386	-3.2163953243245	-12.4982954991323	-4.95005192812192
d_0.3_e_0.1_j_1	0.3	0.1	1	-5.38342089598983	-3.2163953243245	-13.4896177600229	-6.05801880936823
d_0.3_e_0.1_j_2.99	0.3	0.1	2.99	-6.59086492870752	-3.2163953243245	-15.566593224854	-7.71800225090876
d_0.3_e_0.3_j_0	0.3	0.3	0	-4.72050310145692	-3.2163953243245	-12.888477465986	-5.11713148328187
d_0.3_e_0.3_j_0.01	0.3	0.3	0.01	-4.73514334101775	-3.2163953243245	-12.9024081240328	-5.13461901549628
d_0.3_e_0.3_j_0.05	0.3	0.3	0.05	-4.79629398339598	-3.2163953243245	-12.9595073626055	-5.20441310796144
d_0.3_e_0.3_j_0.1	0.3	0.3	0.1	-4.87586487456642	-3.2163953243245	-13.033067562649	-5.29079641096469
d_0.3_e_0.3_j_0.3	0.3	0.3	0.3	-5.18802968324862	-3.2163953243245	-13.3336555090775	-5.61820388343812
d_0.3_e_0.3_j_1	0.3	0.3	1	-5.95280947766747	-3.2163953243245	-14.2585706018079	-6.49636333387349
d_0.3_e_0.3_j_2.99	0.3	0.3	2.99	-6.63966050580535	-3.2163953243245	-15.6158240447956	-7.5998892535537
d_0.3_e_1_j_0	0.3	1	0	-9.56787673920528	-3.2163953243245	-17.7320892404903	-9.91101924051444
d_0.3_e_1_j_0.01	0.3	1	0.01	-9.58530191823333	-3.2163953243245	-17.7488496745877	-9.92534585258067
d_0.3_e_1_j_0.05	0.3	1	0.05	-9.65275945795378	-3.2163953243245	-17.8152750644591	-9.98241264565148
d_0.3_e_1_j_0.1	0.3	1	0.1	-9.7319723528505	-3.2163953243245	-17.8965822202313	-10.0527213043412
d_0.3_e_1_j_0.3	0.3	1	0.3	-9.99612804102241	-3.2163953243245	-18.1975932647646	-10.3146380527657
d_0.3_e_1_j_1	0.3	1	1	-10.4998915222115	-3.2163953243245	-18.960714685524	-10.9686304124037
d_0.3_e_1_j_2.99	0.3	1	2.99	-10.8795158170791	-3.2163953243245	-19.8560683261638	-11.703754137595
d_0.3_e_3_j_0	0.3	3	0	-26.4453668754432	-3.2163953243245	-34.5988936116763	-26.7346802635791
d_0.3_e_3_j_0.01	0.3	3	0.01	-26.4610834118237	-3.2163953243245	-34.6146089708351	-26.746153785934
d_0.3_e_3_j_0.05	0.3	3	0.05	-26.5207530592836	-3.2163953243245	-34.6766238269535	-26.7921169367284
d_0.3_e_3_j_0.1	0.3	3	0.1	-26.5886828858535	-3.2163953243245	-34.7519370615426	-26.8491589018786
d_0.3_e_3_j_0.3	0.3	3	0.3	-26.8015219883204	-3.2163953243245	-35.0249184381125	-27.0631501627594
d_0.3_e_3_j_1	0.3	3	1	-27.162703244246	-3.2163953243245	-35.675964372337	-27.5907221111323
d_0.3_e_3_j_2.99	0.3	3	2.99	-27.4114674557302	-3.2163953243245	-36.3881709663649	-28.1670370573145
d_0.3_e_5_j_0	0.3	5	0	-44.0908892190295	-3.2163953243245	-52.2414920415248	-44.3708129885606
d_0.3_e_5_j_0.01	0.3	5	0.01	-44.1058399631856	-3.2163953243245	-52.2565732633966	-44.381187874247
d_0.3_e_5_j_0.05	0.3	5	0.05	-44.1623468718355	-3.2163953243245	-52.3161119347734	-44.4229477841226
d_0.3_e_5_j_0.1	0.3	5	0.1	-44.2262017980299	-3.2163953243245	-52.3884437113252	-44.4751154864044
d_0.3_e_5_j_0.3	0.3	5	0.3	-44.4232026349827	-3.2163953243245	-52.6503390904912	-44.6726820901023
d_0.3_e_5_j_1	0.3	5	1	-44.7477842497195	-3.2163953243245	-53.2700353414966	-45.1635578685952
d_0.3_e_5_j_2.99	0.3	5	2.99	-44.9660997414496	-3.2163953243245	-53.9422145398813	-45.7024887085606
d_1_e_0_j_0	1	0	0	-10.7917595124841	-3.2163953243245	-19.3834332801072	-10.7917596153494
d_1_e_0_j_0.01	1	0	0.01	-10.7199251705919	-3.2163953243245	-19.2919268534665	-10.8118238893848
d_1_e_0_j_0.05	1	0	0.05	-10.5447259084154	-3.2163953243245	-19.0440919881506	-10.8931515703384
d_1_e_0_j_0.1	1	0	0.1	-10.4605320743069	-3.2163953243245	-18.8807773493586	-10.9964355001526
d_1_e_0_j_0.3	1	0	0.3	-10.5896353077587	-3.2163953243245	-18.7813090825337	-11.413410849398
d_1_e_0_j_1	1	0	1	-11.8596000115783	-3.2163953243245	-19.701273917295	-12.8143483447756
d_1_e_0_j_2.99	1	0	2.99	-23.8318475295335	-3.2163953243245	-31.4240839526598	-24.7778428059977
d_1_e_0.01_j_0	1	0.01	0	-9.71530405813375	-3.2163953243245	-17.9055534137299	-10.1979347283158
d_1_e_0.01_j_0.01	1	0.01	0.01	-9.70910312009077	-3.2163953243245	-17.9043516458203	-10.2173580797802
d_1_e_0.01_j_0.05	1	0.01	0.05	-9.706596010922	-3.2163953243245	-17.9095471416572	-10.2953271244266
d_1_e_0.01_j_0.1	1	0.01	0.1	-9.73656357483841	-3.2163953243245	-17.9334667710405	-10.3928011685114
d_1_e_0.01_j_0.3	1	0.01	0.3	-9.99594178941559	-3.2163953243245	-18.1321929753534	-10.7720622784041
d_1_e_0.01_j_1	1	0.01	1	-10.9880305657603	-3.2163953243245	-19.1102133677277	-11.8837066455127
d_1_e_0.01_j_2.99	1	0.01	2.99	-12.1420482767245	-3.2163953243245	-21.1182346581577	-13.433379871007
d_1_e_0.05_j_0	1	0.05	0	-8.23214212892823	-3.2163953243245	-16.3789728122168	-8.98696719753077
d_1_e_0.05_j_0.01	1	0.05	0.01	-8.24776288166841	-3.2163953243245	-16.3965853269805	-9.00252821449489
d_1_e_0.05_j_0.05	1	0.05	0.05	-8.3100900103496	-3.2163953243245	-16.4663113540959	-9.06426382284535
d_1_e_0.05_j_0.1	1	0.05	0.1	-8.38650484065746	-3.2163953243245	-16.5516224573904	-9.13988807452699
d_1_e_0.05_j_0.3	1	0.05	0.3	-8.6604054362753	-3.2163953243245	-16.8691110104023	-9.41903715453478
d_1_e_0.05_j_1	1	0.05	1	-9.24413281047818	-3.2163953243245	-17.6990170200216	-10.1085236331004
d_1_e_0.05_j_2.99	1	0.05	2.99	-9.72251219008682	-3.2163953243245	-18.6991558117569	-10.8673542492397
d_1_e_0.1_j_0	1	0.1	0	-7.47645981620337	-3.2163953243245	-15.6655525494355	-8.27209648057122
d_1_e_0.1_j_0.01	1	0.1	0.01	-7.49189640620352	-3.2163953243245	-15.6835738653129	-8.28463788758583
d_1_e_0.1_j_0.05	1	0.1	0.05	-7.551180344473	-3.2163953243245	-15.753977200581	-8.33419504284461
d_1_e_0.1_j_0.1	1	0.1	0.1	-7.61993097466661	-3.2163953243245	-15.838208932555	-8.39445606758889
d_1_e_0.1_j_0.3	1	0.1	0.3	-7.84379155430752	-3.2163953243245	-16.135821449118	-8.6124722602489
d_1_e_0.1_j_1	1	0.1	1	-8.25668329930463	-3.2163953243245	-16.8225350940512	-9.12162442262248
d_1_e_0.1_j_2.99	1	0.1	2.99	-8.57688519647428	-3.2163953243245	-17.5537632561289	-9.66154538749322
d_1_e_0.3_j_0	1	0.3	0	-6.75304139872457	-3.2163953243245	-15.0117376516567	-7.53247086303595
d_1_e_0.3_j_0.01	1	0.3	0.01	-6.76333783297388	-3.2163953243245	-15.0266289781994	-7.54024564824713
d_1_e_0.3_j_0.05	1	0.3	0.05	-6.80191130052432	-3.2163953243245	-15.0842326156075	-7.57095158116563
d_1_e_0.3_j_0.1	1	0.3	0.1	-6.84491492380763	-3.2163953243245	-15.1519674497543	-7.60819855231482
d_1_e_0.3_j_0.3	1	0.3	0.3	-6.97470478889092	-3.2163953243245	-15.3813132381867	-7.74133761813723
d_1_e_0.3_j_1	1	0.3	1	-7.18710519199717	-3.2163953243245	-15.8580163043934	-8.03974568902905
d_1_e_0.3_j_2.99	1	0.3	2.99	-7.34412988543771	-3.2163953243245	-16.3212864882325	-8.34681350526239
d_1_e_1_j_0	1	1	0	-9.5482273135123	-3.2163953243245	-17.7930180425637	-10.1887765764929
d_1_e_1_j_0.01	1	1	0.01	-9.55316014320564	-3.2163953243245	-17.804735285805	-10.1934261427696
d_1_e_1_j_0.05	1	1	0.05	-9.57143291470038	-3.2163953243245	-17.8499527305147	-10.2120184403031
d_1_e_1_j_0.1	1	1	0.1	-9.59143762504483	-3.2163953243245	-17.9028907102807	-10.2349603659813
d_1_e_1_j_0.3	1	1	0.3	-9.64973532435893	-3.2163953243245	-18.0801292217325	-10.3190432776902
d_1_e_1_j_1	1	1	1	-9.73996478198976	-3.2163953243245	-18.4390151347506	-10.5122767546408
d_1_e_1_j_2.99	1	1	2.99	-9.80440206700121	-3.2163953243245	-18.7816480221268	-10.7146393633004
d_1_e_3_j_0	1	3	0	-24.2447010657592	-3.2163953243245	-32.4172522743581	-24.7084516516243
d_1_e_3_j_0.01	1	3	0.01	-24.2470201447862	-3.2163953243245	-32.4276688313464	-24.7119154718939
d_1_e_3_j_0.05	1	3	0.05	-24.2555788505784	-3.2163953243245	-32.4680499909034	-24.7261477925026
d_1_e_3_j_0.1	1	3	0.1	-24.2648929978128	-3.2163953243245	-32.5156580989549	-24.7443793130038
d_1_e_3_j_0.3	1	3	0.3	-24.2917322300554	-3.2163953243245	-32.677143468336	-24.8152047688268
d_1_e_3_j_1	1	3	1	-24.3325398382817	-3.2163953243245	-33.0114340181042	-24.9904372393531
d_1_e_3_j_2.99	1	3	2.99	-24.3613147120099	-3.2163953243245	-33.3385131846977	-25.1846997028323
d_1_e_5_j_0	1	5	0	-40.9326101810495	-3.2163953243245	-49.0826115006984	-41.3366505431126
d_1_e_5_j_0.01	1	5	0.01	-40.9343134777313	-3.2163953243245	-49.0925147593919	-41.3396054658358
d_1_e_5_j_0.05	1	5	0.05	-40.9405959534785	-3.2163953243245	-49.1310633490457	-41.3520360305823
d_1_e_5_j_0.1	1	5	0.1	-40.9474268565662	-3.2163953243245	-49.1767965452881	-41.3684539513776
d_1_e_5_j_0.3	1	5	0.3	-40.9670785834586	-3.2163953243245	-49.3337438297935	-41.4351115060909
d_1_e_5_j_1	1	5	1	-40.9968886337755	-3.2163953243245	-49.664926365395	-41.6085471358655
d_1_e_5_j_2.99	1	5	2.99	-41.0178814658661	-3.2163953243245	-49.9950123953998	-41.8075523500518
d_3_e_0_j_0	3	0	0	-28.7917593964429	-3.2163953243245	-37.3834411504201	-28.7917674856622
d_3_e_0_j_0.01	3	0	0.01	-28.7199252955253	-3.2163953243245	-37.2919346683415	-28.8118317042597
d_3_e_0_j_0.05	3	0	0.05	-28.5447259027643	-3.2163953243245	-37.0440996444934	-28.8931592266812
d_3_e_0_j_0.1	3	0	0.1	-28.4605321233219	-3.2163953243245	-36.8807848940605	-28.9964430448546
d_3_e_0_j_0.3	3	0	0.3	-28.5896353429944	-3.2163953243245	-36.7813164297962	-29.4134181966605
d_3_e_0_j_1	3	0	1	-29.8596000970923	-3.2163953243245	-37.7012815348919	-30.8143559623725
d_3_e_0_j_2.99	3	0	2.99	-41.8318475534678	-3.2163953243245	-49.4240663475324	-42.7778252008704
d_3_e_0.01_j_0	3	0.01	0	-18.9479391889141	-3.2163953243245	-27.4948370294801	-20.1122433577362
d_3_e_0.01_j_0.01	3	0.01	0.01	-18.953723889052	-3.2163953243245	-27.5044977303271	-20.113997102027
d_3_e_0.01_j_0.05	3	0.01	0.05	-18.9752980658943	-3.2163953243245	-27.5415378905313	-20.12126884381
d_3_e_0.01_j_0.1	3	0.01	0.1	-18.9991938790498	-3.2163953243245	-27.5844568523795	-20.1306877229445
d_3_e_0.01_j_0.3	3	0.01	0.3	-19.0706727334128	-3.2163953243245	-27.7252583685559	-20.1677377902931
d_3_e_0.01_j_1	3	0.01	1	-19.18790805073	-3.2163953243245	-28.0005226585623	-20.2597621788727
d_3_e_0.01_j_2.99	3	0.01	2.99	-19.2780256235446	-3.2163953243245	-28.2555635870968	-20.3608150914354
d_3_e_0.05_j_0	3	0.05	0	-14.4725938832684	-3.2163953243245	-23.0877115736229	-15.6850320667017
d_3_e_0.05_j_0.01	3	0.05	0.01	-14.4744792464681	-3.2163953243245	-23.093761912993	-15.6833787791792
d_3_e_0.05_j_0.05	3	0.05	0.05	-14.4814649038051	-3.2163953243245	-23.1169187436194	-15.6775290428344
d_3_e_0.05_j_0.1	3	0.05	0.1	-14.4891171955042	-3.2163953243245	-23.1436680810611	-15.6716268947247
d_3_e_0.05_j_0.3	3	0.05	0.3	-14.5114809172381	-3.2163953243245	-23.2307756311516	-15.6575204110865
d_3_e_0.05_j_1	3	0.05	1	-14.5464886594686	-3.2163953243245	-23.3981174307788	-15.6454928086302
d_3_e_0.05_j_2.99	3	0.05	2.99	-14.572025509922	-3.2163953243245	-23.5496761942046	-15.645207227475
d_3_e_0.1_j_0	3	0.1	0	-12.4620787813776	-3.2163953243245	-21.0626588291832	-13.6498891262708
d_3_e_0.1_j_0.01	3	0.1	0.01	-12.4631574310326	-3.2163953243245	-21.0684024368826	-13.6479798155675
d_3_e_0.1_j_0.05	3	0.1	0.05	-12.4671475435484	-3.2163953243245	-21.0903541847357	-13.6411145579744
d_3_e_0.1_j_0.1	3	0.1	0.1	-12.4715076628471	-3.2163953243245	-21.1156557762633	-13.6339753487939
d_3_e_0.1_j_0.3	3	0.1	0.3	-12.4841843460983	-3.2163953243245	-21.1977157418121	-13.615454899163
d_3_e_0.1_j_1	3	0.1	1	-12.5038324058457	-3.2163953243245	-21.354394777082	-13.593810028445
d_3_e_0.1_j_2.99	3	0.1	2.99	-12.5180140214657	-3.2163953243245	-21.4956649176356	-13.5840446325826
d_3_e_0.3_j_0	3	0.3	0	-9.67371354749228	-3.2163953243245	-18.1920763245816	-10.7492356508622
d_3_e_0.3_j_0.01	3	0.3	0.01	-9.67409787656521	-3.2163953243245	-18.1986900235088	-10.7482940017775
d_3_e_0.3_j_0.05	3	0.3	0.05	-9.67551785063961	-3.2163953243245	-18.2238672029383	-10.7450232617683
d_3_e_0.3_j_0.1	3	0.3	0.1	-9.67706603450596	-3.2163953243245	-18.2527050225868	-10.7418389015576
d_3_e_0.3_j_0.3	3	0.3	0.3	-9.68154731047519	-3.2163953243245	-18.3451119791491	-10.7349839273046
d_3_e_0.3_j_1	3	0.3	1	-9.68843451287857	-3.2163953243245	-18.517979196801	-10.7319455635966
d_3_e_0.3_j_2.99	3	0.3	2.99	-9.69336162056116	-3.2163953243245	-18.6709653960985	-10.7360434029648
d_3_e_1_j_0	3	1	0	-9.55440114031258	-3.2163953243245	-17.9114407176878	-10.4020978484518
d_3_e_1_j_0.01	3	1	0.01	-9.55449044136416	-3.2163953243245	-17.920164556621	-10.4033969826971
d_3_e_1_j_0.05	3	1	0.05	-9.55482000751824	-3.2163953243245	-17.9533480371012	-10.408637188732
d_3_e_1_j_0.1	3	1	0.1	-9.55517904439371	-3.2163953243245	-17.9913064517846	-10.4151654482322
d_3_e_1_j_0.3	3	1	0.3	-9.55621653268726	-3.2163953243245	-18.1126052758815	-10.4391976580582
d_3_e_1_j_1	3	1	1	-9.55780598076996	-3.2163953243245	-18.3382241249317	-10.4930423352794
d_3_e_1_j_2.99	3	1	2.99	-9.55893941490902	-3.2163953243245	-18.536425261893	-10.5464642465913
d_3_e_3_j_0	3	3	0	-20.2742245531286	-3.2163953243245	-28.4896892745229	-20.8885908112393
d_3_e_3_j_0.01	3	3	0.01	-20.2742416750463	-3.2163953243245	-28.4997335522481	-20.8913352023045
d_3_e_3_j_0.05	3	3	0.05	-20.2743046645771	-3.2163953243245	-28.5381419542863	-20.9022903424834
d_3_e_3_j_0.1	3	3	0.1	-20.2743734346667	-3.2163953243245	-28.5824508705477	-20.9157586515143
d_3_e_3_j_0.3	3	3	0.3	-20.2745719605319	-3.2163953243245	-28.7264521093208	-20.9645774451152
d_3_e_3_j_1	3	3	1	-20.2748759647416	-3.2163953243245	-29.0025497801523	-21.0735674877288
d_3_e_3_j_2.99	3	3	2.99	-20.2750924931605	-3.2163953243245	-29.2524433692311	-21.1836433571252
d_3_e_5_j_0	3	5	0	-34.6620551942934	-3.2163953243245	-42.8348781457595	-35.1866169406644
d_3_e_5_j_0.01	3	5	0.01	-34.6620626837047	-3.2163953243245	-42.845002856298	-35.1895052618523
d_3_e_5_j_0.05	3	5	0.05	-34.6620905575242	-3.2163953243245	-42.8838806659085	-35.2011785991559
d_3_e_5_j_0.1	3	5	0.1	-34.6621208494074	-3.2163953243245	-42.9290298970221	-35.2157856251472
d_3_e_5_j_0.3	3	5	0.3	-34.6622085215182	-3.2163953243245	-43.0776895092696	-35.2703127296453
d_3_e_5_j_1	3	5	1	-34.6623427698717	-3.2163953243245	-43.3694396741543	-35.3972907327636
d_3_e_5_j_2.99	3	5	2.99	-34.6624384540088	-3.2163953243245	-43.6397496826896	-35.5302538929457
d_5_e_0_j_0	5	0	0	-46.7917593881632	-3.2163953243245	-55.3823411777372	-46.7906675129794
d_5_e_0_j_0.01	5	0	0.01	-46.7199251195348	-3.2163953243245	-55.2908395192697	-46.810736555188
d_5_e_0_j_0.05	5	0	0.05	-46.544725896911	-3.2163953243245	-55.0430204288415	-46.8920800110293
d_5_e_0_j_0.1	5	0	0.1	-46.4605321101702	-3.2163953243245	-54.8797199738663	-46.9953781246604
d_5_e_0_j_0.3	5	0	0.3	-46.5896353309149	-3.2163953243245	-54.7802786027926	-47.4123803696569
d_5_e_0_j_1	5	0	1	-47.8596000695803	-3.2163953243245	-55.7002654010424	-48.813339828523
d_5_e_0_j_2.99	5	0	2.99	-59.8318475481696	-3.2163953243245	-67.4227271517185	-60.7764860050565
d_5_e_0.01_j_0	5	0.01	0	-22.6264181251921	-3.2163953243245	-31.3005713650059	-23.9017124949438
d_5_e_0.01_j_0.01	5	0.01	0.01	-22.6267072085804	-3.2163953243245	-31.3046034675835	-23.8980674929431
d_5_e_0.01_j_0.05	5	0.01	0.05	-22.6277750474223	-3.2163953243245	-31.320068813146	-23.8846290201281
d_5_e_0.01_j_0.1	5	0.01	0.1	-22.6289395622171	-3.2163953243245	-31.3379987223654	-23.8700274487598
d_5_e_0.01_j_0.3	5	0.01	0.3	-22.6323109694411	-3.2163953243245	-31.3968737444474	-23.8280733163213
d_5_e_0.01_j_1	5	0.01	1	-22.6374948803001	-3.2163953243245	-31.5120976953645	-23.7645561884
d_5_e_0.01_j_2.99	5	0.01	2.99	-22.6412051636597	-3.2163953243245	-31.6189136812699	-23.7198916099396
d_5_e_0.05_j_0	5	0.05	0	-17.159515828697	-3.2163953243245	-25.7926080951284	-18.3895770601041
d_5_e_0.05_j_0.01	5	0.05	0.01	-17.1595885695387	-3.2163953243245	-25.7972752808908	-18.3865754909788
d_5_e_0.05_j_0.05	5	0.05	0.05	-17.1598567925309	-3.2163953243245	-25.8150721178995	-18.3755004805166
d_5_e_0.05_j_0.1	5	0.05	0.1	-17.1601493108178	-3.2163953243245	-25.8355169496898	-18.3634508482381
d_5_e_0.05_j_0.3	5	0.05	0.3	-17.1609943850891	-3.2163953243245	-25.9015028406743	-18.3287296503313
d_5_e_0.05_j_1	5	0.05	1	-17.1622898726409	-3.2163953243245	-26.0271152405865	-18.2758478680681
d_5_e_0.05_j_2.99	5	0.05	2.99	-17.1632141150121	-3.2163953243245	-26.1409014023139	-18.2383985899828
d_5_e_0.1_j_0	5	0.1	0	-14.7357036138527	-3.2163953243245	-23.3389070469649	-15.9309173851911
d_5_e_0.1_j_0.01	5	0.1	0.01	-14.7357407369799	-3.2163953243245	-23.3441061407433	-15.9284566772556
d_5_e_0.1_j_0.05	5	0.1	0.05	-14.7358776185681	-3.2163953243245	-23.3638745057388	-15.9193876792199
d_5_e_0.1_j_0.1	5	0.1	0.1	-14.7360267367972	-3.2163953243245	-23.3864803716262	-15.9095393828717
d_5_e_0.1_j_0.3	5	0.1	0.3	-14.7364577286398	-3.2163953243245	-23.4587869571174	-15.8812741953566
d_5_e_0.1_j_1	5	0.1	1	-14.7371180217148	-3.2163953243245	-23.5942898858262	-15.8385647360253
d_5_e_0.1_j_2.99	5	0.1	2.99	-14.7375888575816	-3.2163953243245	-23.715259495832	-15.8085851308129
d_5_e_0.3_j_0	5	0.3	0	-11.2453344877783	-3.2163953243245	-19.7706768772296	-12.3447877292827
d_5_e_0.3_j_0.01	5	0.3	0.01	-11.2453451648988	-3.2163953243245	-19.7772357566333	-12.3437161495877
d_5_e_0.3_j_0.05	5	0.3	0.05	-11.2453845638079	-3.2163953243245	-19.8020735815179	-12.3398303135809
d_5_e_0.3_j_0.1	5	0.3	0.1	-11.2454275142449	-3.2163953243245	-19.8302896384513	-12.335726340899
d_5_e_0.3_j_0.3	5	0.3	0.3	-11.2455514686895	-3.2163953243245	-19.9193299165893	-12.3246530358268
d_5_e_0.3_j_1	5	0.3	1	-11.2457414492319	-3.2163953243245	-20.0820099589893	-12.3101000035551
d_5_e_0.3_j_2.99	5	0.3	2.99	-11.2458767855333	-3.2163953243245	-20.223499213712	-12.3016537368591
d_5_e_1_j_0	5	1	0	-9.86271191496535	-3.2163953243245	-18.2442316185019	-10.7711260840126
d_5_e_1_j_0.01	5	1	0.01	-9.86271387236112	-3.2163953243245	-18.2529958081603	-10.7723282182289
d_5_e_1_j_0.05	5	1	0.05	-9.86272042962978	-3.2163953243245	-18.2861624392436	-10.7770382069999
d_5_e_1_j_0.1	5	1	0.1	-9.86272757530812	-3.2163953243245	-18.3237928678729	-10.7826671837164
d_5_e_1_j_0.3	5	1	0.3	-9.86274851950426	-3.2163953243245	-18.4421501812278	-10.8020219786233
d_5_e_1_j_1	5	1	1	-9.86278062896433	-3.2163953243245	-18.6564544354246	-10.8415426812742
d_5_e_1_j_2.99	5	1	2.99	-9.86280339338715	-3.2163953243245	-18.8403255407182	-10.8780709501286
d_5_e_3_j_0	5	3	0	-18.1573086749582	-3.2163953243245	-26.3981148012969	-18.8463122585132
d_5_e_3_j_0.01	5	3	0.01	-18.1573088899769	-3.2163953243245	-26.4084096532395	-18.8491608909971
d_5_e_3_j_0.05	5	3	0.05	-18.1573095998229	-3.2163953243245	-26.4475587876946	-18.8603047087991
d_5_e_3_j_0.1	5	3	0.1	-18.1573103159912	-3.2163953243245	-26.4923248031217	-18.8736061491746
d_5_e_3_j_0.3	5	3	0.3	-18.1573126979661	-3.2163953243245	-26.6353012124406	-18.9194421248967
d_5_e_3_j_1	5	3	1	-18.1573161397072	-3.2163953243245	-26.9011381066389	-19.0145656612617
d_5_e_3_j_2.99	5	3	2.99	-18.1573187586109	-3.2163953243245	-27.1347157627587	-19.1050746018976
d_5_e_5_j_0	5	5	0	-30.8189928825868	-3.2163953243245	-39.0110032746041	-31.4132749955864
d_5_e_5_j_0.01	5	5	0.01	-30.8189929572035	-3.2163953243245	-39.0215255297757	-31.4164234875225
d_5_e_5_j_0.05	5	5	0.05	-30.8189931558435	-3.2163953243245	-39.061692822142	-31.4288664232822
d_5_e_5_j_0.1	5	5	0.1	-30.8189934042281	-3.2163953243245	-39.1079065278938	-31.4439474970409
d_5_e_5_j_0.3	5	5	0.3	-30.8189940999756	-3.2163953243245	-39.2573228767131	-31.4973602266135
d_5_e_5_j_1	5	5	1	-30.8189951683014	-3.2163953243245	-39.5413168993889	-31.6130740658205
d_5_e_5_j_2.99	5	5	2.99	-30.8189959137951	-3.2163953243245	-39.7963472385164	-31.7275430194708
